601171
601244
601251
602279
602708
602717
602765
602774
602783
602786
602803
602807
602831
602834
602841
602842
602886
602887
602895
602916
602925
602935
602937
602944
602947
602948
602949
602950
602951
602952
602955
602957
602973
602994
603024
603047
603048
603049
603050
603052
603053
603054
603055
603060
603061
603091
603112
603143
603162
603163
603164
603166
603167
603168
603172
603177
603178
603179
603181
603182
603186
603187
603190
603191
603194
603207
603210
603212
603214
603270
603271
603272
603280
603299
603313
603316
603317
603318
603321
603327
603329
603331
603332
603335
603343
603386
603419
603421
603422
603426
603428
603429
603430
603431
603448
603456
603460
603463
603464
603466
603470
603475
603477
603480
603486
603487
603490
603492
603493
603494
603495
603496
603497
603499
603500
603501
603505
603508
603513
603515
603556
603558
603832
603854
604583
604592
604593
604594
604602
604603
604610
604611
604617
604618
604620
604622
604628
604629
605263
605266
605267
605272
605273
605275
605305
605327
605328
605329
605333
605351
605380
605383
605385
605387
605388
605394
605434
605440
605441
605498
605499
605500
605506
605507
605509
605537
605553
605555
605559
605560
605578
605579
605580
605582
605583
605647
605648
605654
605725
605726
605740
605774
605775
605777
605779
605839
605929
606010
606013
606044
606045
606157
606183
606238
606255
606267
606268
606269
606273
606283
606284
606288
606290
606291
606292
606294
606300
606311
606312
606337
606338
606345
606359
606360
606389
606403
606410
606441
606446
606453
606470
606478
606483
606487
609572
618555
620569
620570
623227
627720
634662
634943
638512
638538
646940
647328
649977
650134
651532
651533
651601
652407
654283
655445
655614
655617
655618
655660
655694
655966
656096
656098
656376
656877
656879
656924
657015
657016
657101
657179
657481
657566
658277
658646
658848
658849
658852
658884
659228
659714
660077
660375
660562
660935
661054
661080
661164
661211
661214
661265
661266
661267
661268
661269
662054
662055
662086
662115
662293
662542
662597
662654
662655
662829
663045
663168
663169
663288
663289
663392
663393
663436
663728
663800
663852
663959
664291
664529
664530
664533
664879
665142
665383
665772
665796
665872
665897
665920
666310
666343
666432
666533
666831
666914
666994
666995
667023
667027
667366
667412
667413
667460
667461
667551
667620
667956
668021
668068
668072
668073
668195
668478
668601
668602
668647
668705
668754
669052
669091
669092
669529
669594
669595
669821
670662
670856
671006
671007
673172
673179
673182
673185
673194
673196
673206
673214
673217
673219
673227
673229
673234
673328
673623
674348
674350
675110
675899
675927
675928
675929
675944
676244
676343
676409
676448
676490
676492
676532
677185
677186
677919
678139
678336
678379
678731
680282
680324
680326
680327
680351
680352
680594
680625
680760
680871
680917
680971
680972
680973
682059
682087
682184
682515
682516
682988
683154
683157
683186
683187
683445
683479
683480
683615
683647
683956
683957
683958
684009
684190
684192
684352
684353
684699
685180
685182
685771
686035
686336
686375
686377
686498
686586
686728
686991
686994
686996
686997
687063
687148
687969
687971
688333
688409
688512
688513
688514
688971
688973
689135
689210
689455
689459
690021
690337
690404
690797
691174
691872
692029
692030
692109
692264
692266
692349
692397
692581
692621
692622
692626
692654
692655
692657
692763
692817
692818
692851
693119
693188
693424
693468
693499
693675
693677
693824
693856
693857
693880
694368
694432
694433
694469
694514
694544
694545
694578
694895
695061
695095
695129
695461
695543
695544
695593
695681
695683
695737
695738
695780
695781
695878
696382
696961
696962
696963
696992
697869
697897
698061
698962
699221
699555
699557
699561
700453
700455
700456
700613
700615
701190
701191
701252
701253
701482
701645
701742
701837
702158
702287
702288
702362
702398
702530
702803
702950
703028
703063
703308
703351
703534
703535
703537
703835
703858
703859
704014
704093
704683
704685
704714
704752
704895
704925
704927
704960
705005
705039
705084
705147
705148
705187
705189
705240
705511
705546
705586
705588
705624
705754
705837
705964
705994
706016
706042
706043
706142
706143
706144
706235
706414
706483
708584
709054
709056
709070
709225
709279
709744
709847
709869
710220
710348
710377
710397
710798
710800
710801
710802
711202
711594
711637
711665
711804
712200
712243
712290
712318
712959
713660
713680
713796
713831
713832
713858
714286
714434
715236
715403
715447
715821
715909
716054
717389
717646
717735
717896
718057
718437
718485
719034
719098
719099
719102
719193
719195
719607
719959
720402
720406
720527
720528
720531
720559
720609
721473
721549
721551
721657
721698
721728
721749
722454
722458
722492
723061
723193
723362
723363
723398
723694
723776
723777
724325
724645
724877
725075
725115
725117
725166
725210
725211
725324
725325
725377
725857
725888
725933
725935
725969
726016
726195
726280
726363
726364
726365
726529
726889
727123
727124
727125
727409
727600
727603
727868
727869
728051
728436
728437
728438
728474
728533
728534
728565
728569
728603
728604
728637
728639
728770
728807
729001
729033
729071
729103
729305
729369
729370
729371
729415
729416
729441
729578
729579
729658
729660
729763
730453
730454
730607
730659
730940
731119
731121
731122
731153
731455
731534
731567
731687
731688
731778
732004
732063
732066
732088
732148
732401
732546
732547
732567
732813
732942
732943
732945
733091
733347
733369
733391
733508
733788
733895
733925
733975
734147
734204
734205
734207
734327
734555
734623
734680
734725
734726
734727
734800
734999
735121
735193
735227
735256
735306
735490
735986
736320
736493
736494
736740
736741
736801
736867
736892
737427
737485
737527
737557
737727
737841
738045
738046
738056
738059
738064
738065
738066
738068
738069
738130
738274
738318
738373
738374
738375
738419
738420
738446
738513
738514
738551
738580
738583
738726
738824
738825
738826
738874
738876
738916
739035
739036
739037
739038
739042
739092
739094
739360
739362
739363
739365
739367
739421
739422
739448
739514
739612
739613
739614
739629
739820
739848
739850
739974
740287
740374
740375
740404
740405
740407
740443
740481
740675
740676
740682
740723
740772
740921
740922
740987
741178
741179
741281
741301
741302
741602
741657
741834
741835
741836
741837
741868
741886
741887
741888
741982
742128
742166
742388
742428
742634
742662
742664
742697
742738
742801
742842
742993
743021
743023
743024
743068
743101
743137
743138
743168
743178
743237
743239
743382
743539
743540
743541
743596
743599
743601
743603
743687
743688
743690
743829
743923
743979
743980
743981
744030
744080
744297
744377
744381
744495
744498
744738
744739
744740
744741
744792
744795
744857
744859
744861
745270
745272
745316
745317
745318
745319
745321
745322
745325
745437
745438
745493
745494
745669
745717
745719
745721
745722
745817
745819
745821
745884
745885
746074
746126
746170
746172
746173
746175
746222
746224
746283
746285
746364
746530
746532
747039
747040
747863
747864
747972
748175
748176
748177
748178
748179
748180
748246
748247
748296
748518
748520
748521
748645
748824
748892
748999
749003
749041
749043
749227
749228
749232
749233
749350
749352
750441
750552
750553
750639
750640
750641
750642
750693
750757
750760
750761
750818
751719
751721
751813
751814
751847
751987
752102
752103
752104
752105
752169
752170
752171
752174
752528
752529
752530
752599
752604
752608
752609
752665
752666
752974
752976
752977
752978
752979
752980
752981
753124
753317
753318
753319
753320
753398
753399
753481
753483
753486
753694
753695
753696
753697
753698
753699
753700
753813
753814
753817
753818
753820
753822
753884
753885
754092
754094
754153
754154
754241
754316
754321
754322
754324
754371
754496
754700
754701
754704
754705
754706
754708
754710
754712
754714
754901
754902
754903
754906
754908
754909
754911
754914
754916
755117
755119
755120
755122
755124
755125
755202
755203
755274
755335
755337
755356
755475
755476
755540
755541
755542
755545
755602
755603
755672
755673
755745
755852
755897
755898
755899
755956
755957
756004
756006
756007
756008
756009
756222
756373
756374
756444
756560
756671
756672
756674
756676
756849
756892
756918
757049
757050
757051
757129
757130
757131
757134
757136
757137
757138
757139
757140
757221
757223
757224
757225
757336
757338
757339
757340
757454
757756
757760
757829
757830
757893
758150
758151
758215
758273
758276
758511
758593
758639
758640
758814
758873
758874
758875
758916
759041
759157
759219
759220
759221
759222
759313
759316
759365
759411
759541
759712
759714
759715
759716
759794
759850
759851
759852
759853
759940
760023
760024
760025
760027
760072
760073
760124
760125
760169
760171
760281
760427
760428
760429
760490
760491
760578
760581
760813
760911
761008
761010
761222
761352
761374
761380
761381
761471
761473
761533
761534
761536
761537
761732
761762
761763
761798
762045
762046
762047
762050
762215
762234
762254
762310
762341
762342
762692
762803
762984
762988
762992
762993
762995
763171
763304
763339
763379
763405
763430
763576
763595
763596
763597
763598
763599
763636
763657
763660
763663
763720
763751
763752
763763
763764
763768
763776
763895
763929
763993
764010
764035
764131
764133
764134
764152
764215
764216
764237
764239
764241
764346
764355
764356
764357
764358
764359
764360
764386
764387
764410
764412
764413
764423
764546
764547
764726
765290
765291
765294
765400
765465
765475
765532
765701
765702
765705
765744
765896
766077
766265
766266
766312
766313
766387
766388
766389
766391
766422
766423
766425
766426
766427
766428
766483
766502
766504
766630
766690
766750
766797
766798
766800
766801
766884
766885
766887
766916
766929
766996
767261
767262
767263
767346
767347
767348
767349
767350
767355
767356
767359
767403
767404
767440
767517
767523
767564
767630
767662
767663
767666
767750
767753
767757
767785
767846
767849
767884
767945
767946
767988
768042
768196
768198
768202
768203
768205
768209
768210
768211
768212
768214
768215
768216
768218
768219
768689
768690
768691
768692
768693
768694
768696
768697
768698
768699
768700
768702
768703
768706
768707
768708
768845
768847
768848
768849
768852
768855
768991
769031
769032
769072
769074
769075
769076
769078
769107
769108
769139
769140
769141
769142
769143
769144
769180
769181
769217
769241
769281
769395
769451
769473
769522
769523
769567
769569
769669
769671
769706
769855
769900
769902
769968
769969
770057
770058
770102
770103
770104
770141
770177
770312
770381
770382
770454
770456
770457
770479
770502
770562
770563
770744
770745
770746
770747
770866
770914
770915
770916
770973
770974
770975
770976
771010
771083
771133
771134
771159
771160
771161
771267
771269
771270
771271
771273
771307
771309
771343
771344
771347
771383
771421
771439
771474
771578
771580
771642
771643
771661
771662
771664
771713
771714
771715
771745
771746
771787
771990
771991
771992
772051
772079
772080
772081
772113
772149
772150
772168
772169
772192
772372
772373
772374
772405
772407
772408
772447
772449
772516
772539
772578
772579
772580
772581
772582
772583
772584
772642
772667
772739
772826
772827
772829
772832
772866
772868
772870
772871
772900
772985
772988
773106
773319
773370
773371
773372
773412
773413
773464
773632
773666
773668
773735
773884
773886
773931
773991
773993
773994
773996
774035
774036
774037
774079
774110
774112
774137
774138
774162
774166
774257
774404
774405
774447
774448
774449
774484
774542
774543
774609
774610
774643
774644
774645
775049
775051
775097
775157
775159
775160
775161
775232
775234
775275
775276
775277
775278
775301
775411
775412
775443
775444
775465
775466
775467
775469
775497
775534
775535
775574
775575
775576
775577
775579
775689
775750
775751
775752
775753
775857
775895
775896
775897
775941
775944
775945
775988
775989
775991
776075
776202
776269
776285
776400
776436
776437
776438
776467
776481
776507
776564
776565
776567
776568
776602
776812
776837
776923
776924
776959
776960
776961
776990
776991
776992
776994
777093
777094
777095
777096
777139
777176
777177
777213
777373
777435
777436
777437
777438
777439
777459
777461
777496
777498
777499
777500
777557
777578
777629
777630
777802
777850
777851
777852
777914
777916
777917
777941
777942
777986
778024
778025
778052
778053
778054
778107
778108
778109
778263
778278
778328
778329
778330
778362
778400
778425
778426
778427
778459
778461
778462
778503
778504
778505
778548
778755
778756
778794
778830
778831
778930
778949
778950
778951
778988
778989
778990
778991
779063
779064
779066
779284
779285
779286
779287
779313
779743
779745
779765
779791
779792
779793
779820
779821
779822
779823
779946
780039
780041
780075
780076
780099
780100
780119
780120
780155
780180
780181
780232
780233
780234
780235
780236
780237
780255
780457
780458
780520
780550
780703
780727
780728
780760
780761
780792
780833
780834
780835
780836
780865
780867
780915
780916
780917
780918
780958
780975
780976
780989
781149
781151
781152
781153
781221
781222
781223
781224
781262
781297
781420
781518
781567
781577
781579
781580
781649
781811
781812
781813
781814
781851
781852
781853
781854
781855
781856
781857
781858
781859
781909
781911
782046
782047
782048
782107
782108
782153
782154
782155
782156
782211
782308
782351
782352
782353
782354
782388
782389
782390
782391
782392
782393
782394
782420
782474
782476
782477
782478
782480
782481
782482
782483
782513
782538
782539
782568
782588
782684
782724
782744
782764
782765
782766
782844
782845
782886
782887
782935
782969
783009
783010
783041
783042
783043
783078
783079
783080
783081
783082
783124
783189
783258
783259
783261
783264
783390
783428
783501
783542
783599
783643
783848
783919
784010
784011
784038
784039
784040
784076
784125
784126
784128
784176
784178
784316
784399
784400
784401
784402
784454
784455
784456
784457
784458
784459
784460
784506
784556
784688
784689
784692
784693
784694
784752
784754
784886
784887
784972
784973
784974
784975
784976
784983
784984
784985
785015
785027
785111
785112
785113
785114
785154
785212
785213
785215
785333
785365
785384
785423
785424
785463
785464
785490
785491
785558
785559
785632
785729
785730
785731
785732
785750
785798
785799
785835
785836
785881
785882
785883
785936
785937
786036
786037
786079
786202
786223
786257
786258
786296
786297
786298
786299
786343
786344
786384
786385
786430
786431
786458
786501
786502
786571
786665
786702
786703
786733
786734
786777
786869
786870
786871
786872
786901
786902
787037
787038
787144
787145
787146
787147
787148
787172
787173
787221
787223
787225
787226
787227
787228
787229
787262
787306
787356
787446
787538
787579
787580
787581
787582
787603
787604
787629
787760
787807
787830
787937
787938
787939
787940
787941
787942
787976
787977
787978
787979
788011
788012
788055
788056
788058
788059
788095
788183
788216
788220
788355
788408
788409
788429
788467
788468
788470
788471
788515
788599
788600
788635
788662
788692
788753
788754
788793
788817
788888
788915
788916
788970
788971
789009
789010
789011
789012
789014
789055
789056
789104
789169
789170
789171
789172
789369
789391
789447
789448
789499
789500
789501
789502
789503
789504
789534
789535
789536
789537
789538
789539
789594
789633
789684
789685
789686
789687
789741
789742
789944
789945
790044
790045
790086
790087
790088
790089
790129
790130
790131
790132
790133
790134
790135
790171
790172
790173
790174
790175
790176
790177
790178
790226
790227
790228
790229
790260
790261
790262
790274
790275
790390
790391
790392
790437
790438
790439
790440
790441
790462
790463
790478
790479
790480
790481
790511
790512
790537
790538
790539
790540
790560
790561
790588
790612
790652
790841
790899
790900
790901
790902
790903
790980
790981
791012
791013
791014
791015
791016
791048
791049
791050
791088
791089
791090
791139
791140
791234
791235
791304
791305
791336
791337
791338
791339
791340
791372
791400
791401
791437
791438
791439
